grouplist:=<[2,1],
[3,1],
[4,1],
[4,2],
[5,1],
[3,2],
[6,1],
[6,2],
[7,1],
[4,3],
[8,1],
[8,2],
[8,3],
[8,4],
[8,5],
[9,1],
[9,2],
[5,2],
[10,1],
[10,2],
[11,1],
[4,4],
[6,3],
[6,4],
[12,1],
[12,2],
[12,3],
[12,4],
[12,5],
[13,1],
[7,2],
[14,1],
[14,2],
[15,1],
[8,6],
[8,7],
[8,8],
[8,9],
[8,10],
[8,11],
[16,1],
[16,2],
[16,3],
[16,4],
[16,5],
[16,6],
[16,7],
[16,8],
[16,9],
[16,10],
[16,11],
[16,12],
[16,13],
[16,14],
[17,1],
[6,5],
[9,3],
[9,4],
[9,5],
[18,1],
[18,2],
[18,3],
[18,4],
[18,5],
[19,1],
[5,3],
[10,3],
[10,4],
[20,1],
[20,2],
[20,3],
[20,4],
[20,5],
[7,3],
[21,1],
[21,2],
[11,2],
[22,1],
[22,2],
[23,1],
[4,5],
[6,6],
[6,7],
[6,8],
[8,12],
[8,13],
[8,14],
[12,6],
[12,7],
[12,8],
[12,9],
[12,10],
[12,11],
[12,12],
[12,13],
[12,14],
[12,15],
[24,1],
[24,2],
[24,3],
[24,4],
[24,5],
[24,6],
[24,7],
[24,8],
[24,9],
[24,10],
[24,11],
[24,12],
[24,13],
[24,14],
[24,15],
[25,1],
[25,2],
[13,2],
[26,1],
[26,2],
[9,6],
[9,7],
[27,1],
[27,2],
[27,3],
[27,4],
[27,5],
[14,3],
[28,1],
[28,2],
[28,3],
[28,4],
[29,1],
[15,2],
[15,3],
[15,4],
[30,1],
[30,2],
[30,3],
[30,4],
[31,1],
[8,15],
[8,16],
[8,17],
[8,18],
[8,19],
[8,20],
[8,21],
[8,22],
[16,15],
[16,16],
[16,17],
[16,18],
[16,19],
[16,20],
[16,21],
[16,22],
[16,23],
[16,24],
[16,25],
[16,26],
[16,27],
[16,28],
[16,29],
[16,30],
[16,31],
[16,32],
[16,33],
[16,34],
[16,35],
[16,36],
[16,37],
[16,38],
[16,39],
[16,40],
[16,41],
[16,42],
[16,43],
[16,44],
[16,45],
[16,46],
[16,47],
[16,48],
[16,49],
[16,50],
[16,51],
[16,52],
[16,53],
[16,54],
[16,55],
[16,56],
[33,1],
[17,2],
[34,1],
[34,2],
[35,1],
[6,9],
[6,10],
[9,8],
[9,9],
[12,16],
[12,17],
[12,18],
[12,19],
[12,20],
[18,6],
[18,7],
[18,8],
[18,9],
[18,10],
[18,11],
[18,12],
[18,13],
[36,1],
[36,2],
[36,3],
[36,4],
[36,5],
[36,6],
[36,7],
[36,8],
[36,9],
[36,10],
[36,11],
[36,12],
[36,13],
[36,14],
[37,1],
[19,2],
[38,1],
[38,2],
[13,3],
[39,1],
[39,2],
[10,5],
[20,6],
[20,7],
[20,8],
[20,9],
[20,10],
[20,11],
[20,12],
[20,13],
[40,1],
[40,2],
[40,3],
[40,4],
[40,5],
[40,6],
[40,7],
[40,8],
[40,9],
[40,10],
[40,11],
[40,12],
[40,13],
[40,14],
[41,1],
[7,4],
[14,4],
[14,5],
[21,3],
[21,4],
[21,5],
[21,6],
[42,1],
[42,2],
[42,3],
[42,4],
[42,5],
[42,6],
[43,1],
[22,3],
[44,1],
[44,2],
[44,3],
[44,4],
[45,1],
[45,2],
[23,2],
[46,1],
[46,2],
[47,1],
[6,11],
[8,23],
[8,24],
[12,21],
[12,22],
[12,23],
[12,24],
[12,25],
[12,26],
[12,27],
[12,28],
[12,29],
[12,30],
[12,31],
[12,32],
[16,57],
[16,58],
[16,59],
[16,60],
[16,61],
[16,62],
[16,63],
[16,64],
[16,65],
[16,66],
[24,16],
[24,17],
[24,18],
[24,19],
[24,20],
[24,21],
[24,22],
[24,23],
[24,24],
[24,25],
[24,26],
[24,27],
[24,28],
[24,29],
[24,30],
[24,31],
[24,32],
[24,33],
[24,34],
[24,35],
[24,36],
[24,37],
[24,38],
[24,39],
[24,40],
[24,41],
[24,42],
[24,43],
[24,44],
[24,45],
[24,46],
[24,47],
[24,48],
[24,49],
[24,50],
[24,51],
[24,52],
[24,53],
[24,54],
[24,55],
[24,56],
[24,57],
[24,58],
[24,59],
[10,6],
[25,3],
[25,4],
[25,5],
[13,4],
[26,3],
[26,4],
[9,10],
[9,11],
[9,12],
[9,13],
[18,14],
[18,15],
[18,16],
[18,17],
[18,18],
[18,19],
[18,20],
[18,21],
[18,22],
[18,23],
[18,24],
[27,6],
[27,7],
[27,8],
[27,9],
[27,10],
[27,11],
[27,12],
[27,13],
[27,14],
[27,15],
[11,3],
[8,25],
[14,6],
[28,5],
[28,6],
[28,7],
[28,8],
[28,9],
[28,10],
[28,11],
[19,3],
[29,2],
[5,4],
[6,12],
[10,7],
[12,33],
[15,5],
[15,6],
[15,7],
[15,8],
[20,14],
[20,15],
[30,5],
[30,6],
[30,7],
[30,8],
[30,9],
[30,10],
[30,11],
[30,12],
[30,13],
[30,14],
[31,2],
[21,7],
[8,26],
[8,27],
[8,28],
[8,29],
[8,30],
[8,31],
[16,67],
[16,68],
[16,69],
[16,70],
[16,71],
[16,72],
[16,73],
[16,74],
[16,75],
[16,76],
[16,77],
[16,78],
[16,79],
[16,80],
[16,81],
[16,82],
[16,83],
[16,84],
[16,85],
[16,86],
[16,87],
[16,88],
[16,89],
[16,90],
[16,91],
[16,92],
[16,93],
[16,94],
[16,95],
[16,96],
[16,97],
[16,98],
[16,99],
[16,100],
[16,101],
[16,102],
[16,103],
[16,104],
[16,105],
[16,106],
[16,107],
[16,108],
[16,109],
[16,110],
[16,111],
[16,112],
[16,113],
[16,114],
[16,115],
[16,116],
[16,117],
[16,118],
[16,119],
[16,120],
[16,121],
[16,122],
[16,123],
[16,124],
[16,125],
[16,126],
[16,127],
[16,128],
[16,129],
[16,130],
[16,131],
[16,132],
[16,133],
[16,134],
[16,135],
[16,136],
[16,137],
[16,138],
[16,139],
[16,140],
[16,141],
[16,142],
[16,143],
[16,144],
[16,145],
[16,146],
[16,147],
[16,148],
[16,149],
[16,150],
[16,151],
[16,152],
[16,153],
[16,154],
[16,155],
[16,156],
[16,157],
[16,158],
[16,159],
[16,160],
[16,161],
[16,162],
[16,163],
[16,164],
[16,165],
[16,166],
[16,167],
[16,168],
[16,169],
[16,170],
[16,171],
[16,172],
[16,173],
[16,174],
[16,175],
[16,176],
[16,177],
[33,2],
[33,3],
[33,4],
[17,3],
[34,3],
[34,4],
[35,2],
[35,3],
[35,4],
[6,13],
[9,14],
[9,15],
[9,16],
[12,34],
[12,35],
[12,36],
[12,37],
[12,38],
[12,39],
[12,40],
[12,41],
[12,42],
[12,43],
[12,44],
[12,45],
[12,46],
[12,47],
[18,25],
[18,26],
[18,27],
[18,28],
[18,29],
[18,30],
[18,31],
[18,32],
[18,33],
[18,34],
[18,35],
[18,36],
[18,37],
[18,38],
[18,39],
[18,40],
[24,60],
[24,61],
[24,62],
[24,63],
[24,64],
[24,65],
[24,66],
[24,67],
[24,68],
[24,69],
[24,70],
[24,71],
[24,72],
[24,73],
[24,74],
[24,75],
[24,76],
[24,77],
[24,78],
[24,79],
[24,80],
[24,81],
[24,82],
[24,83],
[24,84],
[36,15],
[36,16],
[36,17],
[36,18],
[36,19],
[36,20],
[36,21],
[36,22],
[36,23],
[36,24],
[36,25],
[36,26],
[36,27],
[36,28],
[36,29],
[36,30]>;
